364
683
257
812
685
759
537
635
394
376
149
253
475
338
706
943
249
451
206
339
488
244
52
171
930
460
630
690
461
566
401
272
153
82
277
439
203
294
106
709
147
753
938
177
816
430
340
736
103
154
246
586
935
677
27
16
57
155
263
73
681
545
788
599
519
116
922
910
46
583
796
261
358
195
236
43
643
34
636
58
495
651
207
132
817
557
867
355
305
308
559
887
776
164
163
794
108
863
175
546
688
19
28
569
289
184
924
457
50
646
352
130
602
6
652
854
144
600
427
875
802
448
831
626
769
591
479
570
563
862
901
97
489
178
637
738
271
0
432
196
226
560
804
12
691
520
37
64
350
856
766
5
224
908
645
723
717
784
204
17
914
915
550
822
126
320
879
516
540
847
279
533
190
503
237
676
855
288
581
480
53
948
932
526
582
447
105
682
792
826
953
497
923
467
849
590
680
641
484
715
273
718
328
118
611
555
900
217
604
471
749
877
509
232
618
117
435
486
610
416
735
353
594
95
708
369
813
800
429
835
362
113
876
724
372
803
647
223
814
678
755
512
711
722
18
502
597
757
672
919
477
227
574
367
3
889
890
379
172
274
772
221
905
292
614
341
269
194
393
837
334
423
806
406
517
518
585
386
173
313
121
366
459
335
233
799
767
419
55
304
463
395
354
102
128
523
239
418
391
148
649
80
384
295
264
531
850
152
191
655
181
642
455
852
870
748
825
466
925
446
124
840
697
99
169
939
705
68
54
584
200
434
588
504
2
48
926
552
751
576
808
536
833
293
42
551
138
26
779
916
899
234
853
648
349
858
22
309
330
902
470
656
307
927
542
179
208
161
188
444
402
727
160
61
881
771
36
778
506
445
573
159
830
112
821
219
606
87
29
123
524
760
797
786
491
71
109
258
846
450
607
421
166
324
737
9
129
104
365
810
758
162
281
820
409
456
507
578
276
704
623
38
720
385
51
187
69
885
360
216
663
127
122
267
134
413
62
805
41
918
145
496
410
809
824
114
671
933
229
907
404
81
238
741
782
465
686
742
326
32
615
119
426
93
35
627
510
762
795
669
371
612
389
659
428
716
733
818
85
644
452
487
541
895
763
140
252
278
222
906
45
90
864
587
670
329
225
565
131
157
4
553
91
375
564
654
241
251
798
343
730
880
378
668
143
834
89
951
845
336
768
713
515
561
142
841
483
819
322
390
474
839
262
443
202
214
947
508
791
815
282
242
539
396
945
624
10
373
24
337
40
189
228
347
94
913
8
744
729
453
301
631
492
605
77
931
937
725
317
212
556
511
400
917
829
368
135
259
702
92
348
287
356
437
180
240
197
193
211
687
156
291
661
872
793
532
425
589
186
575
873
248
823
869
431
721
770
403
860
710
442
185
632
866
150
657
639
115
892
243
777
514
667
84
415
836
151
868
554
268
505
865
11
101
75
392
920
256
56
700
14
146
871
183
499
942
472
205
83
13
414
1
780
838
297
909
100
832
662
807
449
675
622
255
283
325
954
284
701
300
726
79
245
549
928
886
616
303
952
98
319
315
761
133
15
579
740